0,3596
1,1477
2,6602
3,1833
4,8501
5,9260
6,7377
7,869
8,2586
9,2624
10,7137
11,2217
12,5565
13,6429
14,2703
15,2340
16,6626
17,1155
18,2849
19,2262
20,5049
21,6166
22,3993
23,8306
24,3158
25,3190
26,6014
27,5793
28,9577
29,8297
30,2808
31,3939
32,9343
33,3619
34,8360
35,2417
36,9572
37,4808
38,7602
39,1806
40,3715
41,5240
42,1000
43,7900
44,6301
45,1785
46,5796
47,5530
48,8385
49,7683
50,7697
51,4987
52,1165
53,948
54,6855
55,9698
56,1250
57,1491
58,8161
59,7817
60,5485
61,3074
62,9757
63,1489
64,3479
65,4669
66,9807
67,8820
68,1755
69,3840
70,2370
71,2150
72,207
73,836
74,6876
75,7162
76,6257
77,1353
78,2109
79,1361
80,5247
81,9280
82,644
83,8301
84,4451
85,3279
86,2382
87,7524
88,697
89,3400
90,3548
91,3055
92,3935
93,1059
94,1743
95,1682
96,5080
97,4615
98,9763
99,374
